128127122115107102101106117132146157160156146129109 89 71 61 61 71 8710523 1 1TK 018128115816099999999999999 5421011929 6099999999999999
119129134134130123117114117127140152160162157144125100 75 54 44 46 60 8023 1 2TK 227134124616299999999999999 7 01142019 4399999999999999
103123138146147142133124119122130143155163165158143119 89 60 38 30 36 5523 1 3TK 343148134516599999999999999 81311921 4 3099999999999999
 81108132150159158150137125120122132145158167168159139109 74 44 24 20 3223 1 4TK 426160143916999999999999999 9121192144 1999999999999999
 56 87119145163169163150134122117121133149164173172157130 94 58 28 13 1523 1 5TK 5 016915241749999999999999910 01172223 1299999999999999
 33 63 99133159173173161144127115113121137156172179172150116 77 41 16  723 1 6TK 52917416 217999999999999999104111323 1  799999999999999
 16 40 76114148170177170153134117109111125145165180181166137 99 60 27  823 1 7TK 55817716361829999999999999911161082336  499999999999999
  6 22 54 93131160175174161141121108104113131154174184177155121 81 45 1723 1 8TK 62517617 8184999999999999991148104999999999999999999999
  5 12 35 72112147169174166148127110100103117140163179181167139103 65 3323 1 9TK 652175173918299999999999999 010  5121810099999999999999
 13 10 24 54 93130158171169155134114100 96105124147168177172153122 87 5323 110TK 720172181117899999999999999 043  91249 9699999999999999
 28 16 21 43 76113145165170160142121103 94 96109130151166169159137107 7523 111TK 748170184517099999999999999 113 161320 9399999999999999
 47 30 26 39 65 98131156167164150130110 95 91 97112131148158157144122 9623 112TK 817168192415999999999999999 143 261355 9199999999999999
 69 49 39 43 61 87118145162166157139119101 90 89 9711112714014614413211323 113TK 848166201514799999999999999 213 391436 8899999999999999
 92 72 59 56 64 82107132153163162149129110 94 86 86 9210411712813413412523 114TK 921164212413599999999999999 246 561531 8599999999999999
111 96 83 75 76 85101122142157162156141122103 89 81 78 82 9110311512512823 115TK 957162225812899999999999999 326 751653 7899999999999999
124117108100 95 96102115131147158160152136117 99 83 71 65 66 74 8810411823 116TK1040161999999999999999999999 426 951826 6499999999999999
127131130125120114112114123136150158159150135116 95 75 57 47 46 56 74 9623 117TK 111131113216099999999999999 6 61121934 4599999999999999
116132143147145138129121120126138151160161154139117 90 63 40 26 26 39 6223 118TK 310147123916199999999999999 7401202031 2499999999999999
 90118142158165162150136124121126139153164168161144117 83 49 21  6  8 2523 119TK 4 8165135416899999999999999 8531212124  599999999999999
 54 90125155174179172155136122117124139157172178171149114 73 34  4-10 -523 120TK 45218015 017899999999999999 9531172215-1199999999999999
 17 53 95136169186187173151129114111121141164183189178150109 63 21 -8-2023 121TK 532189155418999999999999999104411123 5-2099999999999999
-11 17 58106149180192186167141118104104119145173192196180146101 54 13-1523 122TK 6 919216421979999999999999911291022351-2299999999999999
-22 -8 26 72121162186191178154127103 92 98120150179197196175138 93 47  923 123TK 6451921727199999999999999991210 92999999999999999999999
-13-14  7 46 93138172187183165138109 89 83 95121154181194188164127 85 4423 124TK 718188181219599999999999999 034-161250 8299999999999999
 13 -2  5 32 72116154177182171148119 93 76 77 94123153176183174150116 7923 125TK 748183185718399999999999999 112 -21329 7499999999999999
 46 24 19 33 63101137164177173156130102 79 69 74 9412114616316715613510623 126TK 816178194516799999999999999 146 191410 6999999999999999
 78 55 43 47 65 94126153170172162141115 90 72 66 74 9211413414714913912223 127TK 842173203914999999999999999 217 431455 6699999999999999
102 83 70 68 77 96120144161169164149127104 83 70 66 72 8610412013013212623 128TK 9 7169214413299999999999999 244 671551 6699999999999999
116104 95 90 93103119137153162163154139119 99 82 70 65 68 78 9210511612023 129TK 934164232312099999999999999 3 7 9017 8 6599999999999999
120117113111111115122133144154158155146133117100 83 69 61 60 67 79 9410623 130TK10 8158999999999999999999999 3271111836 5999999999999999
115121125128128128128131136143149151149143133120103 83 65 53 50 56 69 8623 131TK11 11519999999999999999999991948 49999999999999999999999
103118130139143142137133131133138143147148146138124103 78 56 42 39 47 6323 2 1TK 415143125514899999999999999 7581312045 3899999999999999
 84107128144153154148138129124125131139147153153144125 98 68 44 29 29 4123 2 2TK 435155143115499999999999999 9181242133 2799999999999999
 63 90118142158163158145131120115118128141154163161147120 87 55 30 18 2223 2 3TK 45716315231639999999999999910 61152215 1899999999999999
 40 69102134158169166154136119108106114130149166173165143109 72 39 17 1123 2 4TK 51916916 11739999999999999910411062252 1199999999999999
 21 47 83120151169172161142121105 97101116139162177178162132 93 55 25  823 2 5TK 5411731634180999999999999991111 972326  699999999999999
  9 29 63103140166175168150126105 91 89101124151174184177152116 76 39 1423 2 6TK 6 217517 5184999999999999991138 882357  699999999999999
  6 16 45 85126158175173157133108 89 80 86106135163182184167137 98 59 2823 2 7TK 62417617361859999999999999912 6 80999999999999999999999
 11 12 33 70112148171176164141114 90 75 74 89116146171182175153119 81 4723 2 8TK 64617718 818299999999999999 026  91233 7399999999999999
 24 17 29 58 98137165177171150123 95 75 67 74 96125153171175162136103 7023 2 9TK 7 8177184317599999999999999 053 1613 1 6799999999999999
 43 29 32 53 87125156174174159133104 79 64 64 78102130153165163147122 9223 210TK 731176192116699999999999999 119 281331 6299999999999999
 65 48 44 56 81114146167174165143114 87 67 59 65 8210612914715515013411223 211TK 75517420 715599999999999999 145 4314 4 5999999999999999
 89 70 62 66 82108135158170168152127 99 75 61 58 66 8310312213714213812623 212TK 82117121 314299999999999999 211 621445 5899999999999999
109 94 85 83 91107127148162166158139114 89 70 60 58 65 78 9411112413013023 213TK 850167222313199999999999999 240 831541 5899999999999999
123115108105106113124138152160159148129108 87 71 61 56 58 66 80 9511012123 214TK 924161999999999999999999999 3151051714 5699999999999999
127129129128126125127133141149154152143128111 92 75 60 49 45 50 62 80 9823 215TK 127129101315499999999999999 4521251857 4599999999999999
116130141147147143137132132136143148149145136121101 78 55 37 28 31 44 6623 216TK 335148114514999999999999999 7331322016 2899999999999999
 91118141157165162152139128124127135145153156150134109 77 46 22 11 13 3023 217TK 413165135215699999999999999 9 31242119 1099999999999999
 58 92127156174178168150131116111116130148164172166145112 73 36  8 -4  123 218TK 44517815 617299999999999999 9581112212 -599999999999999
 24 59102142172186182164139115 99 96108130157179188178150110 66 26 -2-1223 219TK 51518616 0188999999999999991041 952259-1299999999999999
 -2 29 72120160185190176150120 94 80 83103135169192198182148104 58 18 -723 220TK 5441911646199999999999999991119 792340-1299999999999999
-11  8 46 94141176191185162130 97 72 63 75105143179199199177140 95 51 1623 221TK 6121911729202999999999999991155 63999999999999999999999
 -1  4 31 74122162186188172141106 73 53 53 74110150182197190165128 86 4823 222TK 637190181119799999999999999 017 -21231 5099999999999999
 22 15 30 64107148177187178152118 82 54 42 51 78116153178186175149115 8023 223TK 7 0187185318699999999999999 050 1513 5 4299999999999999
 52 37 41 64 99136167182180161130 95 64 43 40 55 8512015016716915613210523 224TK 722183193617099999999999999 118 361341 3899999999999999
 80 63 60 72 98129157175178166141110 79 54 41 45 63 9011914115215013812023 225TK 741179202215399999999999999 142 591418 4199999999999999
101 86 80 86102126149167173167149124 96 71 54 47 53 69 9111312813613412523 226TK 8 1173211613699999999999999 2 2 8015 1 4799999999999999
114105100102111126143157165163152134112 90 73 61 56 60 72 8710311512112223 227TK 820166223812299999999999999 21510016 1 5699999999999999
119116115117121128138147154155150139124109 94 80 69 63 62 68 79 9210311123 228TK 842156999999999999999999999 2 01151734 6299999999999999
117122126130132134136139142144143138131123114103 89 75 64 58 60 69 81 9523 3 1TK 9 81449999999999999999999991913 58999999999999999999999
108121132140143142138134131131131132133133131124112 94 74 58 49 50 59 7523 3 2TK 414143123713399999999999999 8571312026 4899999999999999
 93113132146152151144133124118118121128136143143135117 92 67 47 38 40 5323 3 3TK 419153143514499999999999999 9401172118 3799999999999999
 74100126147159160151136121109104108118133148157155140114 83 54 34 27 3423 3 4TK 43416115211579999999999999910 610422 0 2799999999999999
 54 83115143162167159142122104 93 93104123145163170161137104 69 40 22 2123 3 5TK 4521671556170999999999999991031 922235 1999999999999999
 36 65101136161172167149126102 85 79 88108136162177177159127 89 53 27 1623 3 6TK 5101721628179999999999999991055 7923 7 1699999999999999
 23 48 85125157174173158132104 81 68 71 89119151176185176149112 73 40 2023 3 7TK 5281761659185999999999999991120 672336 1699999999999999
 18 36 70112149173179166141110 81 61 57 70 98134166185186167135 96 60 3223 3 8TK 5461791731188999999999999991146 56999999999999999999999
 21 31 59 99140170182174150118 85 59 46 52 76111148175186178154120 83 5123 3 9TK 6 618218 418699999999999999 0 3 211212 4699999999999999
 33 33 53 89129163181180160129 93 62 42 40 56 87124157177180166139106 7423 310TK 625183184018199999999999999 029 311238 3899999999999999
 51 44 55 82119154177182168140105 70 45 34 41 64 98132159172169152126 9823 311TK 646182191917399999999999999 055 4413 7 3499999999999999
 74 61 64 82111144169180173150118 83 53 36 34 48 7410513415416115613911823 312TK 7 818020 316199999999999999 121 601337 3399999999999999
 97 82 79 88109135159173173158131 98 68 46 36 39 55 7910512814314814313123 313TK 731175205814899999999999999 147 791414 3599999999999999
116104 99101112130149163168161142115 87 64 48 42 46 59 78 9811612913413323 314TK 755168222113599999999999999 213 9815 4 4299999999999999
129123119118122130141152158157148130109 87 69 57 50 50 57 69 8410011412423 315TK 825159999999999999999999999 2411181630 4999999999999999
131134136136136136137141145147145138127113 98 82 68 56 48 48 54 67 8410323 316TK 240137 9 814799999999999999 4391361835 4799999999999999
121136147152152146139133130131134137137135128115 97 76 56 41 34 38 52 7423 317TK 323153114613899999999999999 81313020 7 3499999999999999
100126148163166160146131119113115123135146151147133109 80 51 30 20 25 4323 318TK 35116614 915199999999999999 9131132111 2099999999999999
 72106140165176173158135113 97 93101118141161171166146114 78 44 20 11 2023 319TK 417177151217199999999999999 951 9322 1 1199999999999999
 45 82123158180184170144114 88 73 74 92121153178188178151113 72 36 14  923 320TK 44218416 0188999999999999991026 712243  999999999999999
 26 59103145176189181156122 87 61 51 61 90129167192197181149108 66 33 1523 321TK 5 618916441989999999999999911 0 512320 1499999999999999
 19 44 84129167189188168135 95 59 37 36 58 96141178199197176140100 62 3523 322TK 5291911726201999999999999991133 342353 2799999999999999
 27 40 73115156184191178148108 67 36 22 31 63107151183196188164129 93 6223 323TK 55119218 61969999999999999912 6 22999999999999999999999
 45 48 70106145176190184160123 82 45 21 17 37 74118156180186173149118 8923 324TK 612190184718699999999999999 023 441239 1699999999999999
 68 63 75102136167185185168137 99 61 31 17 24 49 8712515517117015613411023 325TK 632187192817399999999999999 050 621312 1799999999999999
 91 81 85103130157176182171147114 80 49 29 25 37 64 9712714915715414112423 326TK 650182201115899999999999999 113 811346 2499999999999999
108 98 98108127148166174170153127 98 70 48 37 38 52 7510112313814313913023 327TK 7 917421 114399999999999999 134 971423 3699999999999999
120113110115126141155163163153135113 90 70 56 50 52 64 81 9911512613012923 328TK 727164221613099999999999999 1501101513 5099999999999999
126123122124129136145151152147137122107 92 79 69 63 62 68 79 9310511512223 329TK 744152999999999999999999999 1521221633 6299999999999999
126129132133135136137138138137132126119111102 91 80 71 65 66 73 84 9710923 330TK 7401399999999999999999999991825 65999999999999999999999
121131138142142139134129125123123123124124122115102 87 72 61 58 64 76 9323 331TK 329143123712599999999999999 9511231950 5899999999999999
111128142150151145135123114109109114123132137136125108 86 66 52 49 57 7423 4 1TK 337151142013899999999999999 9261082047 4999999999999999
 97120141155159153139122106 96 94100114131146152147131106 79 56 43 43 5623 4 2TK 35215915 615299999999999999 943 932129 4199999999999999
 80109137157166161146124102 85 78 83100123146162165153129 98 68 45 36 4323 4 3TK 4 916615421669999999999999910 6 7822 5 3699999999999999
 65 96129156171169154130102 78 64 64 80107138164177173153122 87 57 38 3623 4 4TK 4261721616177999999999999991029 622237 3599999999999999
 52 82119152173177164138107 76 54 47 58 85121155179185173146111 76 50 3823 4 5TK 4431781650185999999999999991054 4723 7 3899999999999999
 46 71108145172183174149115 79 50 34 38 61 97138171188186167136100 68 4923 4 6TK 5 21831724190999999999999991119 332336 4599999999999999
 46 64 97135168185182160126 87 52 28 23 38 71112152180190181157125 92 6623 4 7TK 52118618 0190999999999999991146 22999999999999999999999
 55 64 89125160183187171140100 61 30 15 21 46 84126162182185171146116 8923 4 8TK 542188183918699999999999999 0 5 551215 1599999999999999
 72 70 87116150176187178152115 75 40 17 12 27 58 9713516317717515913611123 4 9TK 6 4187192117899999999999999 034 691245 1299999999999999
 92 84 91112140166181181163131 93 57 29 15 19 38 7010513615816616214813023 410TK 62718320 916699999999999999 1 3 841318 1499999999999999
113102101113133155172177167144112 78 49 29 22 30 50 7710513014615315014123 411TK 652177211115399999999999999 1331001358 2299999999999999
130120116119130145159167165151129101 74 52 38 35 41 56 77 9911813314114323 412TK 719168225214399999999999999 2 61161452 3599999999999999
140136132130132138146153155150138121101 82 65 53 47 49 57 71 8810512113423 413TK 750155999999999999999999999 2591301618 4799999999999999
142146146143139136136137138139137132123111 97 82 67 56 50 52 61 76 9611623 414TK 130146 85513999999999999999 5551361818 5099999999999999
135149156156150140130122118120125131135135129116 98 78 60 48 45 53 70 9423 415TK 231157123013599999999999999 8101181947 4599999999999999
120144160167162148130112100 96102115132145152148133110 84 59 43 39 49 7123 416TK 3 416714 915299999999999999 852 962047 3999999999999999
101132158173173160137110 87 74 74 89113140161170165145116 85 57 41 39 5423 417TK 33117515 817099999999999999 927 722135 3899999999999999
 83118151174182172148116 83 58 49 58 84119153177185175150117 83 56 43 4723 418TK 35618215561859999999999999910 0 492215 4299999999999999
 69103140170186183162128 89 54 33 31 51 87129166189192177148114 81 58 5123 419TK 4201871639193999999999999991034 292252 5199999999999999
 63 92128163185190174143102 61 28 14 23 54 97142177194192172142109 81 6523 420TK 44319117211969999999999999911 7 142325 6399999999999999
 66 86118153180192184158119 75 36 11  7 26 64111153182192185163134105 8423 421TK 5 619218 2193999999999999991140  62356 7799999999999999
 77 86111143172189188169135 94 53 20  4 11 38 8012416018118517315112610423 422TK 5281911842185999999999999991213  4999999999999999999999
 91 92108135162182187176149112 73 38 14  9 24 55 9513316117417315914012023 423TK 550188192317599999999999999 025 891246  899999999999999
105101109128152172182177158128 93 59 33 19 21 41 7210613715616415914713223 424TK 61218220 516499999999999999 0521011321 1899999999999999
118111113124142160171172161139111 81 55 37 31 38 57 8411213514915214813823 425TK 634173205315299999999999999 1191101358 3199999999999999
128121119124135148159163158144124100 78 59 48 45 53 70 9111212913914214023 426TK 658163215814299999999999999 1471191444 4599999999999999
135129126127131138145150149142130115 98 82 69 61 58 64 76 9210812313213723 427TK 722150234613899999999999999 2231261548 5899999999999999
138137134132131132134135136134130123114104 92 81 72 67 68 76 8910411913023 428TK 746136999999999999999999999 4 61311719 6799999999999999
138142142140136130125122120121122124124121114104 91 79 70 68 73 8610211923 429TK 138142112912499999999999999 8131201848 6799999999999999
134145149148142133121111105104109117126132133126114 97 80 68 65 71 8610623 430TK 220150133713399999999999999 8371041953 6499999999999999
127144155157151138121104 92 87 91103120135145146137120 98 78 65 62 72 9223 5 1TK 246157143514799999999999999 9 2 872041 6299999999999999
117141158165160146125102 82 70 71 84105130150161158144121 96 74 62 64 8023 5 2TK 3 7165152016199999999999999 927 692122 6199999999999999
105134157171170157133104 76 57 51 60 84115145166174167147119 91 70 63 7123 5 3TK 32817216 017499999999999999 953 512159 6399999999999999
 94124153174179168144111 77 49 34 37 58 91129161181183170145115 87 70 6923 5 4TK 3501791639184999999999999991021 332234 6899999999999999
 85113146172185179157123 85 49 25 18 32 63104145176190187168140110 86 7523 5 5TK 4131851718191999999999999991050 1823 8 7599999999999999
 82104136166186188171139 99 58 25  8 11 35 74118158184193184163134107 8923 5 6TK 4371901759193999999999999991121  62342 8499999999999999
 85 99125156181192183156117 74 35  8  0 13 44 8613016518618917815513010723 5 7TK 5 31921842190999999999999991154  0999999999999999999999
 96 99118145172188189170137 96 55 21  2  2 22 56 9713616618118116814912723 5 8TK 531191193018399999999999999 017 951230  099999999999999
111106115135159179187178154119 80 44 18  6 12 34 6710313616017117016014423 5 9TK 6 0187202417299999999999999 0531061311  699999999999999
128118118128146165177178164139107 73 44 24 17 25 46 7410513215116116115423 510TK 632179213016299999999999999 1321161358 1799999999999999
143132126127136149161167164150129102 75 52 37 32 38 55 7710212514315415623 511TK 710168225315699999999999999 2201251456 3299999999999999
153145136131130135142149153150140125106 85 67 53 47 49 60 78 9912013915123 512TK 8 5153999999999999999999999 3351301613 4699999999999999
156155148139131125124127132137139137129116100 83 69 59 57 64 78 9812014023 513TK 01515610 213999999999999999 5441241745 5799999999999999
154160158150136122111105106114124134140139131117 99 82 68 63 67 8110212623 514TK 115161122414099999999999999 72010519 5 6299999999999999
147162167161147127106 89 82 85 98117135149153146132112 91 75 67 72 8811223 515TK 157167135415399999999999999 812 8220 7 6799999999999999
138159172172160137110 83 64 58 68 89116142160166160143120 97 80 73 8110023 516TK 231173145816699999999999999 853 582058 7399999999999999
126153172180172152121 87 57 40 40 57 88122153173178169149124100 84 82 9323 517TK 3 1180155017899999999999999 930 372141 8199999999999999
116144168183183167137 99 62 33 21 29 56 93133165183185172150124102 90 9223 518TK 32918516371869999999999999910 6 212221 8999999999999999
108134161181189179154117 76 39 15 11 28 62104145174188186170147122104 9723 519TK 3571891720189999999999999991042 102259 9799999999999999
105125151175189187169136 96 55 22  6 10 36 7511815618018918216414112010623 520TK 42519018 1189999999999999991117  5233410499999999999999
105118140165184190179153117 76 38 13  5 19 49 9013116418218417415513411723 521TK 4531901840185999999999999991152  5999999999999999999999
110114131154174186184166135 98 60 30 12 13 33 6610514116717817616314512823 522TK 521187191817999999999999999 0 71091227 1099999999999999
116114124142162178182172150118 83 51 28 19 26 49 8211714716617116515213723 523TK 549182195717199999999999999 04011413 4 1999999999999999
124117120132149165174172158134104 74 49 33 30 42 65 9612514816116315614423 524TK 619175203916399999999999999 1121171342 3099999999999999
131122120126137151162165159143121 96 72 53 42 44 57 7910512914715615614923 525TK 651165212715799999999999999 1481201424 4199999999999999
139129123123128138147153153146132114 94 75 61 54 57 69 8811013114515215223 526TK 729154222315399999999999999 2321221513 5499999999999999
145137129124124126132137141140135126112 97 82 71 66 68 78 9511413214515223 527TK 828141232215299999999999999 3421231613 6599999999999999
151145137129123119118120124128131131126117105 92 82 75 76 84 9911813614923 528TK1024131999999999999999999999 5511181726 7599999999999999
154153147137126116108103104110119128133132126116103 91 83 82 8910512414223 529TK 018155122613399999999999999 7191031838 8199999999999999
155160156147133117102 90 85 89100116131141143138127112 97 87 86 9511213323 530TK 1 4160135014399999999999999 8 4 851939 8599999999999999
152163165158143123101 81 68 66 76 96119140153157151137119102 91 9110212223 531TK 143166145315799999999999999 839 652031 8999999999999999
145163172170156134106 78 56 46 51 70 97127153168171162144123104 94 9711223 6 1TK 217173154517199999999999999 911 462117 9399999999999999
135159175180170149118 84 53 32 28 41 69104139167181182169148124106 9910623 6 2TK 250180163118399999999999999 945 2722 1 9999999999999999
125150172185184166136 98 60 29 13 16 37 7311415217919118817214812410810523 6 3TK 3241871716192999999999999991021 12224310499999999999999
116138164184192183157120 77 38 10  1 11 40 8012416218719618817014512311123 6 4TK 35919218 2196999999999999991059  1232510999999999999999
112127152176193194177145103 59 23  0 -4 13 46 8913216818919418416514212323 6 5TK 4341961848194999999999999991141 -5999999999999999999999
114120138163185196190168131 89 48 15 -2  0 20 56 9813817018718817715913823 6 6TK 512196193718999999999999999 0 71141225 -499999999999999
123118127146169187192182156120 80 44 16  4  9 32 6610614116818118117015223 6 7TK 552192202818299999999999999 0501181312  499999999999999
134122121131150169182183171146113 78 46 24 16 24 46 7811214316517517316223 6 8TK 636185212117699999999999999 13712014 1 1699999999999999
146131121121131147162172171160138111 81 55 38 32 41 61 8811814416217016723 6 9TK 728173221317099999999999999 2291201453 3299999999999999
156141127118117125137149158159151135113 90 69 55 51 58 76 9912514716216823 610TK 83715923 316899999999999999 3331161550 5199999999999999
163152136121111108112121133143148146136120102 85 73 70 75 9011013215216423 611TK1012148234916899999999999999 4561081654 7099999999999999
167161148131113100 93 94103117131142145141130116102 91 86 9010212114115823 612TK1155145999999999999999999999 620 9218 5 8699999999999999
168169160144123102 84 74 75 8610512414014914914313111710610010211413115023 613TK 032170133215099999999999999 725 731913 9999999999999999
165173170158138112 86 65 54 58 74 9812314415616015514412911610911212414123 614TK 115173145316099999999999999 815 54201410999999999999999
159172177171155129 98 68 46 38 46 68 9712715116717116515213612211511913223 615TK 158177155517199999999999999 859 3821 711599999999999999
150167178180170148117 81 50 30 27 41 6910313616217717917115513712411912523 616TK 240181164318099999999999999 940 26215611999999999999999
140158174184181166138102 64 35 19 22 43 7611314717218418317115313512312123 617TK 3201841723185999999999999991020 18224012099999999999999
130147166181187179157124 85 49 24 15 24 51 8712615918118818116614613012123 618TK 35818718 0188999999999999991059 15232012099999999999999
123135154173186187173145108 70 38 18 16 32 6310113916918418517415613812423 619TK 4341881834187999999999999991137 15235711999999999999999
119125141162179188182162131 93 58 31 18 22 44 7811715117518417916414612923 620TK 5 818819 6184999999999999991215 17999999999999999999999
118118129148168182185173149116 81 50 29 23 34 60 9613216117717916915313523 621TK 542186193918099999999999999 0311171252 2399999999999999
121115120134154171181177161135103 71 46 32 33 49 7811214416617517215914223 622TK 616181201217599999999999999 1 41151327 3099999999999999
126116114123138156169174166148122 93 67 48 40 47 67 9612715316817216415023 623TK 652174204717299999999999999 13911314 3 4099999999999999
133119113114124139153162163154136113 89 68 54 53 63 8411113815916916815723 624TK 734164212317099999999999999 2171121439 5299999999999999
142126115111114123135146152152144129109 90 74 66 68 8010012414716316816323 625TK 82815322 116899999999999999 3 41111519 6699999999999999
151135121111107109116125135142144138126111 96 85 81 84 9511413515416616823 626TK 943144224016899999999999999 4 910716 7 8199999999999999
160146130116105 99 99104113125135139138130120109100 96 9810812414316016823 627TK1114140232216999999999999999 536 981710 9699999999999999
167157142125109 95 86 84 8910111713114114314013312311410810911713315016523 628TK1255143999999999999999999999 650 84182710899999999999999
171167155138118 98 80 68 66 74 9211313314715415414813812611811712514015723 629TK 0 8171143015599999999999999 743 66193811699999999999999
170174169155134109 83 61 48 48 62 8511213815716816916214913412412213014623 630TK 058174153917099999999999999 829 46203912199999999999999
163176179172154128 96 65 40 29 33 53 8211514617018218317215513712612513523 7 1TK 151179163218499999999999999 913 28213512499999999999999
152170183186176152119 81 46 22 13 22 47 8212115618219419117615613712612623 7 2TK 244186171819499999999999999 959 13222712599999999999999
138158178191192178148109 67 31  8  3 16 46 8612916619120019317515313312323 7 3TK 33519418 2200999999999999991047  2231612399999999999999
126142164186199197177142 99 56 21  0 -2 16 50 9413817419620018916914612723 7 4TK 4232001845201999999999999991136 -3999999999999999999999
119126145170192203197172135 91 49 16 -1  1 23 6110514818019619618115913623 7 5TK 5 9203192719899999999999999 0 31191224 -399999999999999
119114125147174194202192165128 86 47 18  6 12 38 7711915718319318817014723 7 6TK 55620220 719399999999999999 0471141310  599999999999999
124110110124148173190194182156122 84 50 27 20 32 59 9613416518418817815823 7 7TK 645195204418899999999999999 1321081353 2099999999999999
134113102105121144166181183171148118 86 59 43 42 56 8311614817118318016623 7 8TK 739183211918399999999999999 2171011434 4099999999999999
145121103 95100115135154167169160141117 92 73 64 67 8310713515917518017223 7 9TK 841170215218099999999999999 3 8 951514 6399999999999999
155134112 96 89 93105123140152156151137120104 92 88 9310712714916717717623 710TK 954156222517899999999999999 4 8 891556 8799999999999999
165147125105 89 81 83 9310912614014714613912911911211011512614215817117623 711TK112214723 217699999999999999 521 81164911099999999999999
171159141121100 82 72 71 80 9611513114214614514113613012713013815016317123 712TK1319146234717499999999999999 635 7018 512799999999999999
173168156139117 94 74 61 59 69 8710812814315215615515014313713714315316323 713TK1515156999999999999999999999 739 58193213799999999999999
170172168156138114 87 63 50 49 61 8210713015016316916715814814013814315223 714TK 049172161316999999999999999 833 48204713899999999999999
162171174170158136107 77 52 40 42 57 8211113816117517817216014713713514023 715TK 2 2174165017999999999999999 921 39214713599999999999999
151163174179174157130 97 65 41 32 38 58 8712015117418418317115514013113023 716TK 3 417917211859999999999999910 6 32223512999999999999999
138152168180184175153120 84 53 32 27 39 64 9813416518418918016414613012323 717TK 3511841750189999999999999991048 27231412399999999999999
126138157175188187172144107 71 42 26 27 45 7611415117718918617215213312023 718TK 4301891817190999999999999991127 24234811699999999999999
116125143165184192186164130 93 59 34 24 32 57 9413316618518917816013812023 719TK 5 519318431899999999999999912 3 24999999999999999999999
111113128150174190192178151115 79 49 31 29 45 7611515217818818316714512423 720TK 53819319 918899999999999999 0191101237 2799999999999999
109105114134159180190185166136101 69 44 34 40 64 9913716718418617315313023 721TK 612190193518799999999999999 04910413 7 3399999999999999
110100103117140163180184174151121 90 63 46 44 59 8812315517818617916113823 722TK 64718420 118699999999999999 1191001336 4399999999999999
116100 96104121144163174174161138111 84 64 56 62 8211214316918318316914823 723TK 727176202818599999999999999 151 9614 5 5699999999999999
124104 94 94105123142158166163149129106 86 73 73 8410613315917718317615823 724TK 814166205718399999999999999 227 931434 7199999999999999
134112 96 90 93104120136150156153142125108 95 89 9310612614816818017916723 725TK 912156212818199999999999999 311 9015 7 8999999999999999
146124104 91 86 88 9811212714014814714012911811110811312414015817317817323 726TK102514822 317899999999999999 4 9 86155110899999999999999
158138117 99 86 80 80 8710011713214214614413913412912712913614916217317523 727TK12 7146224617699999999999999 529 7917 712799999999999999
168153134114 95 80 69 66 73 8710612514015015515515214614013814215216317223 728TK1433156234417499999999999999 648 66185213899999999999999
173167154136114 91 70 55 50 57 74 9712114316017017216715814714114315116223 729TK1549172999999999999999999999 754 50201914199999999999999
171175172160140114 84 57 39 33 42 62 9112115017318518617716214713913914723 730TK 1 5175163518799999999999999 853 33212813899999999999999
161174182182169145112 76 44 24 18 29 54 8912716218719819417915914113113223 731TK 227183171419899999999999999 949 18222413099999999999999
143162181193193178147108 67 32 11  7 22 53 9413817519820419417314912911923 8 1TK 3311951750205999999999999991042  7231211999999999999999
124141166190205203182146102 59 24  4  4 24 6110715318820520418716113411423 8 2TK 4242061825207999999999999991131  1235410799999999999999
107117141172198212206180141 96 53 21  5 10 37 7912616919720619617314411623 8 3TK 5122121857206999999999999991215  4999999999999999999999
 98 96113143177202212201173134 91 52 24 15 28 6010314818220020018315512423 8 4TK 559212192720299999999999999 034 941255 1599999999999999
 97 84 89112145177199204191163126 88 56 36 36 55 9013016719119818916613523 8 5TK 646205195519999999999999999 114 831331 3499999999999999
105 82 75 86112144172189191177152120 90 67 57 65 8812115418019419117414823 8 6TK 736192202019599999999999999 153 7514 4 5799999999999999
117 90 74 72 86111138162175175162142118 97 84 83 9611914617118719018015923 8 7TK 830176204419199999999999999 236 711433 8299999999999999
132105 83 71 72 8610712914815915915013612211010611112414316317918618216823 8 8TK 93116021 918699999999999999 324 7015 010699999999999999
146122100 82 73 73 8310011913514514714413813112812813314415717017817917223 8 9TK1052147213718099999999999999 426 72152712799999999999999
157139119100 85 74 72 78 9110812313514114414514514514514715316016817217023 810TK2217172999999999999999999999 546 72999999999999999999999
164153139122104 87 73 67 71 83 9911613114315215815915815415215215616016323 811TK1555160234016499999999999999 7 7 67191815299999999999999
164161155144128107 85 68 60 63 75 9311413415116417117016315414814514715223 812TK1620171999999999999999999999 814 6021 214599999999999999
158163165162151130105 79 59 51 55 70 9211814416517717917216014713813513823 813TK 2 1165164318099999999999999 9 9 51215713599999999999999
147158169174170154128 97 68 49 43 51 70 9913015917918618116715013412512423 814TK 3 717517 518699999999999999 956 43223412499999999999999
133148166180184175152119 85 56 39 37 51 7811214717518918817515613512011323 815TK 3511841727190999999999999991037 3623 411399999999999999
118134156178191190173142106 71 45 32 37 59 9413216618819318316313911810523 816TK 4261921749193999999999999991113 32233310399999999999999
105118141168190198189164129 91 58 37 32 46 7711615518319418917014512010123 817TK 4591981810195999999999999991145 31999999999999999999999
 94102123152180197197180150113 77 49 35 41 6410114217519319417815312510123 818TK 531199183019699999999999999 0 0 941215 3599999999999999
 87 88105133164188197190167134 98 67 47 43 59 9012916619019618616213310523 819TK 6 4197185119699999999999999 027 861242 4299999999999999
 85 79 89112143171189191178152120 88 64 53 60 8411915518319619117114211223 820TK 638192191319699999999999999 054 7913 7 5399999999999999
 88 75 77 94121150173184181164138110 85 69 69 8411214517419219417915312223 821TK 716185193519599999999999999 122 741333 6799999999999999
 95 76 71 79100126151169175169152129106 90 84 9111013716518519218416313523 822TK 759175195919299999999999999 153 701358 8499999999999999
106 83 71 71 8310312614716116415814312611110310411513315617518718617214823 823TK 850165202618899999999999999 228 69142510299999999999999
120 95 78 70 73 8410112113815015415014113112412112513515016517818217615923 824TK 957154205618299999999999999 314 70145512199999999999999
136113 92 78 72 72 80 9311012713914614814614414214114314815716617417416723 825TK1154148213617599999999999999 425 71155014199999999999999
152133114 96 81 71 66 70 80 9611413014315315816115915615315215516116616723 826TK15 8161224516899999999999999 6 6 66183915299999999999999
163154140123103 83 66 56 55 64 8110212514616417417717316315314714715215923 827TK1551177999999999999999999999 735 54203214799999999999999
165167164153134109 82 57 42 39 48 68 9612815717919018917716014513513414223 828TK 059167162319199999999999999 845 38213513399999999999999
155169179180168144112 77 47 28 24 37 63 9913817219420119217214812811812023 829TK 235181165320199999999999999 944 24222011799999999999999
134156179195197181150110 70 36 17 16 34 68112155189206203185157129107 9923 830TK 3351981722207999999999999991034 142259 9999999999999999
107131163192210208186149105 63 30 14 18 44 85133175202209197169136104 8423 831TK 4252111750210999999999999991118 132336 8199999999999999
 82100133171203218211184144100 59 30 20 33 66111157193209204181147111 8023 9 1TK 5112181816210999999999999991157 20999999999999999999999
 65 72 99138179207217205175136 95 60 39 38 59 97141180203207191160123 8623 9 2TK 556217184020899999999999999 013 651232 3699999999999999
 61 54 69103144181204207192163128 93 67 56 66 9313116819520519617213710023 9 3TK 64020819 220599999999999999 048 5313 3 5699999999999999
 68 50 52 73108146177193192176151122 97 82 82 9812715918620019818015111623 9 4TK 727194192320199999999999999 125 481331 8099999999999999
 83 58 49 57 8111314416717717416114112110710210912815317719219518416213323 9 5TK 816178194319599999999999999 2 3 49135410299999999999999
102 76 59 55 66 8711313715416115814913712712112413415116818218818316814623 9 6TK 91216120 318899999999999999 245 55141412199999999999999
121 97 78 67 65 74 9010912714014714714414013813814315116117117717616815423 9 7TK1032148202417799999999999999 339 65142113799999999999999
137119102 87 77 73 77 8810211712913714314614915115215415716116416516215623 9 8TK2048165999999999999999999999 5 0 73999999999999999999999
147137125111 97 84 76 75 82 9310812213514615516116216015615315115115115123 9 9TK1549162999999999999999999999 637 75999999999999999999999
151149144135121103 85 72 68 73 8610312214115716817116815914914113713714123 910TK1558171999999999999999999999 756 68212713699999999999999
147154158156145126102 79 64 59 66 8210413015317117917616515013512512212723 911TK 213159161517999999999999999 854 59215312299999999999999
138152165171166149123 94 69 54 51 63 8511514516918318417315413411710911123 912TK 3 6171163318599999999999999 939 51221810899999999999999
124143164180183171146114 82 57 45 49 67 98133164184190181161137114 99 9623 913TK 3441831651190999999999999991017 442244 9599999999999999
106128156180192188168137101 69 48 42 54 82119155182194189169142115 93 8323 914TK 4171931710194999999999999991050 4223 9 8399999999999999
 89109140171193199186159124 88 59 44 47 69105145178196195178150119 91 7423 915TK 4491991728198999999999999991119 432334 7199999999999999
 73 89119155185200198178146109 76 54 48 63 94133170194200186159126 94 7023 916TK 5212021746200999999999999991147 48999999999999999999999
 61 71 97133168193201190165131 98 70 57 63 87123161190201194170136101 7123 917TK 55420118 620199999999999999 0 0 611213 5799999999999999
 55 56 76109146177194194178151119 91 73 70 85115151182199198179147111 7823 918TK 629196182620199999999999999 026 531239 6999999999999999
 55 49 60 86121155179189183165139112 92 83 90112143173194199186159124 8923 919TK 7 7189184719999999999999999 053 4913 4 8399999999999999
 62 48 51 68 9712915717517917115313111210110111413716318519418916813810423 920TK 74917919 919599999999999999 122 471329 9999999999999999
 75 56 50 58 7710413115216516715914513112011612213615617418618717415112223 921TK 840167193318899999999999999 155 50135511699999999999999
 93 71 58 56 65 8210312514215215515214513813413514115216417517917416013923 922TK 95215520 017999999999999999 239 55142313399999999999999
115 93 76 66 63 68 80 9511312814014715115115115015015315716216716716215123 923TK1256151203816899999999999999 349 63152215099999999999999
136119102 87 74 67 65 71 82 9811513214615716416616415915415115115315515523 924TK1455166222415599999999999999 544 65192715199999999999999
151144132117 99 80 65 57 57 67 8510713115317017917816915714413613413914623 925TK1525179999999999999999999999 726 56204713499999999999999
155161160151132108 81 59 45 44 55 7810814016818519018216514412511511512623 926TK 125161155119099999999999999 836 43212711499999999999999
144163177180168144112 78 51 35 35 52 81119156185198195176149121100 91 9823 927TK 242180161719999999999999999 930 3322 3 9199999999999999
120149177195197180150111 74 45 30 35 59 96139177200204189160125 93 72 7023 928TK 3351981642205999999999999991015 302237 6999999999999999
 87120159192210207185149108 70 43 35 47 78121164195208200173136 96 64 4923 929TK 42221117 6208999999999999991055 342312 4999999999999999
 56 84126170203216208181144104 69 49 49 70107150186207207186150108 68 4123 930TK 5 62161729210999999999999991131 462347 3499999999999999
 34 52 89136178206213200172136101 74 63 72100138176201209195165124 82 462310 1TK 55021417512099999999999999912 3 63999999999999999999999
 27 31 57 99144181202203187161130102 85 84101131165193206200177141100 622310 2TK 633205181220699999999999999 021 261233 8299999999999999
 35 25 38 69109149178191188172149126108100108129157183199199184155119 832310 3TK 718192183220199999999999999 056 2513 010099999999999999
 52 34 34 51 821171481691771721581421261171191311511731881931851641361042310 4TK 8 4177185219399999999999999 132 32132411799999999999999
 75 54 44 48 66 921201431571621581491391321301361481631761821791671471222310 5TK 858162191218399999999999999 212 43134513099999999999999
 98 78 63 58 63 77 971171341451491491461421411431481561641691691631511352310 6TK1018150193017099999999999999 3 1 5814 214199999999999999
118102 87 77 72 73 82 961111251351421471491501501511521531551551531481412310 7TK1933155999999999999999999999 415 71999999999999999999999
132123112100 88 80 77 81 901041181311431521571591571521471421401381391392310 8TK1456159235714099999999999999 557 77212213899999999999999
140139134124110 95 81 74 75 84 991161351501621671651571451341261221241312310 9TK1512167999999999999999999999 723 7321 712299999999999999
139147151146134115 94 76 67 68 80 99122145163173173164148131116107108117231010TK 159151153017499999999999999 823 66212710699999999999999
132148160164156138113 88 68 60 65 82108136161177180172154131110 95 90 99231011TK 250164154818199999999999999 9 7 602150 9099999999999999
117141162175175160135106 79 61 57 69 93125156178187181162136108 86 75 79231012TK 32817716 518799999999999999 944 562214 7499999999999999
 97126155178187180158128 96 70 57 61 81113147176191189171143111 82 63 61231013TK 4 31871623192999999999999991017 562239 5999999999999999
 75105140172191193179151118 87 65 60 73102138171192196181153118 83 57 46231014TK 4371951641197999999999999991048 6023 5 4699999999999999
 54 81118156186199193172141108 81 67 71 93128163190200191164128 89 57 38231015TK 51219917 1200999999999999991117 662331 3599999999999999
 37 57 92134171194199187162130101 81 76 90119154184201198176141101 63 37231016TK 5471991721202999999999999991145 762358 2899999999999999
 28 38 67107148179195193176151122 99 87 92113144175196200185155115 76 44231017TK 6241961743201999999999999991213 87999999999999999999999
 26 27 47 81120156180189183165141119103100112136165188198191167132 93 58231018TK 7 318918 619899999999999999 027 24124210099999999999999
 34 26 35 59 93128157174179171155137121113117133155177190190175147113 79231019TK 749179183019299999999999999 059 26131111399999999999999
 51 35 34 46 70100128151164166160149138129127134148165178183176158131102231020TK 846167185618399999999999999 136 32134312799999999999999
 74 54 44 45 57 76 99122140152156155150144140141146155164171170161145124231021TK1012156192717199999999999999 225 43142714099999999999999
101 81 65 56 55 62 75 93111129142151156156154151149149151154156155150140231022TK1237156201515699999999999999 337 55163114899999999999999
126111 95 80 68 62 62 70 83101121139154163166163156148140136136138142145231023TK1358166232114599999999999999 528 61193713599999999999999
144138128112 94 77 64 58 62 75 96121144163174175167152135121113114122135231024TK1435176999999999999999999999 7 6 58202611399999999999999
148156156146128105 81 62 54 57 74 99129157177184179162138113 95 88 94112231025TK 13015715 418499999999999999 813 5321 2 8899999999999999
135158173174163140111 82 61 52 59 80112146174190190174147114 84 66 64 79231026TK 238175153019299999999999999 9 4 522136 6299999999999999
108142172189189173145112 82 61 56 69 96132166190198187160123 85 54 40 47231027TK 331191155519899999999999999 947 562211 4099999999999999
 73112153185201197177146112 83 66 67 86119155186202198175138 95 56 29 22231028TK 4182021619203999999999999991027 642246 2299999999999999
 40 76122165195206198174143111 86 76 85110144177200204188156113 68 32 12231029TK 5 320616432059999999999999911 3 762321 1199999999999999
 16 43 86133174198204191167137110 93 91107135167193204197171132 88 47 17231030TK 54720417 7204999999999999991136 902356  799999999999999
  7 21 54 99143178195195181157132112103109129157183199199182150110 68 34231031TK 62919717312019999999999999912 7102999999999999999999999
 14 13 34 70112150176187183168148129116115126147171189195186163129 92 572311 1TK 712187175519599999999999999 031 11123711499999999999999
 31 20 27 51 85121151170175169156141128123127140159176186183168143113 822311 2TK 756175181918699999999999999 1 7 2013 612399999999999999
 55 38 34 44 67 971251481601631581481381311301371491631721751671511281032311 3TK 846163184317599999999999999 146 33133713099999999999999
 80 61 50 50 60 801031251421511531501451391361371421501571611591501371202311 4TK 95015419 916199999999999999 232 48141713699999999999999
102 85 72 64 64 71 861041221361451491491461431411401411431451451431381302311 5TK1125149193814599999999999999 332 63155414099999999999999
119108 95 84 75 73 77 881021191331441501521511471421361321291291301311322311 6TK13 4152225813299999999999999 455 73195112999999999999999
130126118106 94 83 77 78 871011191351481561581551471371251161111121181262311 7TK1353158999999999999999999999 622 76202211199999999999999
134138137129116100 85 76 77 86104124143158165164155141123107 96 93 991122311 8TK 118138142216599999999999999 729 752048 9399999999999999
129143150149139121101 84 75 77 90111135156169172164148126102 84 75 78 932311 9TK 222151144617299999999999999 820 742114 7499999999999999
115138156164160145123 99 81 74 81 99125151171179174157132103 77 60 57 70231110TK 3 916415 817999999999999999 9 2 742140 5699999999999999
 95125153171176166146120 96 79 77 90115144169184184169142108 75 50 39 47231111TK 349176153018699999999999999 939 7622 6 3999999999999999
 70104140169184183168143116 92 81 86105134164185191181155119 80 47 28 26231112TK 4281861552192999999999999991013 812234 2499999999999999
 45 78118156182192185165138111 92 87 99124155182195191169134 92 53 24 13231113TK 5 51921617196999999999999991047 8723 4 1399999999999999
 22 50 90133169190194182159132108 95 98116145174194198183151110 67 31 10231114TK 5441951642199999999999999991120 942335  699999999999999
  8 26 61104145176191190175151127108102112134163187198192168130 87 47 18231115TK 6241931710199999999999999991153102999999999999999999999
  5 11 36 74115152177187181166144125113113127151175192194179149111 70 36231116TK 7 8187173919599999999999999 010  4122811199999999999999
 14  9 21 49 85122153172178172158141126120125140161179188183164133 97 62231117TK 757178181018899999999999999 048  813 512099999999999999
 35 20 19 34 60 92123148164168163153140131128134147163175177168149121 91231118TK 857168184517899999999999999 132 17134912899999999999999
 64 42 31 33 46 68 94120142156161159152143135133137146155162162154139118231119TK1011161193216399999999999999 224 30145113399999999999999
 95 73 56 46 46 56 73 94117137151159159154145137132131135140144147144135231120TK1132160205914799999999999999 330 45164113199999999999999
122105 87 72 61 58 63 75 94116136152161162156146134123116115119126134140231121TK1238163232714099999999999999 455 58184411599999999999999
139133120104 88 74 67 68 79 97120142159168167157141122105 93 91 98112128231122TK1325168999999999999999999999 623 661946 9099999999999999
142149147137120101 84 74 73 84104129152169175169153129103 80 66 67 80103231123TK 11714914 217599999999999999 733 722029 6599999999999999
129150162162152133111 92 80 81 94116143166180180168143111 78 52 41 48 70231124TK 231163143418299999999999999 828 7921 8 4199999999999999
102135161175175162141117 97 87 90107132159179188181160126 87 51 27 22 37231125TK 33017715 518899999999999999 916 862145 2199999999999999
 68107145172186183168144120101 94102122149174190191176145105 63 28  9 12231126TK 420187153519399999999999999 958 942222  799999999999999
 35 74117156182192186167143120104103115138165186195188164126 83 41 11  0231127TK 5 619216 51959999999999999910381012259  099999999999999
 12 42 85129165187192182162138118108112129153177193194179147106 63 26  3231128TK 54819216351969999999999999911151082336 -199999999999999
  1 20 56 99140172187187173153132117113122141165185193186164128 87 48 18231129TK 62718917 5193999999999999991150113999999999999999999999
  4 10 34 72113149173182177162143127117118131151172186187173146111 73 40231130TK 7 6182173518899999999999999 013  4122411699999999999999
 19 13 24 52 88125154171174166151135123118124139157173180175157129 96 652312 1TK 74417418 518099999999999999 050 12125711899999999999999
 39 25 26 41 69102133155165164155142129121121129143158168169160141115 882312 2TK 824166183717099999999999999 128 23133312099999999999999
 63 44 36 41 58 841121371531591561471361261221231311421521571551451281072312 3TK 9 8159191315799999999999999 2 8 36141512199999999999999
 85 66 53 50 56 73 951191381511551511431331261221231281351401431401331202312 4TK 95815520 314399999999999999 252 49151712299999999999999
105 89 74 65 63 70 841031231401501531491421331251201181191211251291291262312 5TK1053153214513099999999999999 345 63171611899999999999999
119109 97 85 78 75 80 921091271431521541501421321221131061031051111181242312 6TK1148154999999999999999999999 452 7519 610399999999999999
127124118108 97 89 84 87 98114133148156157152141127112 98 88 84 891001142312 7TK 0 1127123715899999999999999 6 8 841954 8499999999999999
126134135130120108 97 90 93104122141156163161152136116 95 77 66 66 77 962312 8TK 141135131916399999999999999 716 902029 6599999999999999
117134146148143131115101 94 98112131151165170164148125 98 72 53 45 52 712312 9TK 249148135617099999999999999 811 9421 1 4599999999999999
 98125147160162153137118103 98104121143163175175163139108 75 46 29 29 44231210TK 340163143117699999999999999 858 982133 2799999999999999
 72106138162174173160139118104102112133156175183177157125 86 50 22 11 18231211TK 42417515 618399999999999999 94110122 7 1199999999999999
 43 78117152175184178161138117105107122146170186189175145106 64 27  4  0231212TK 5 518415401909999999999999910221042243 -199999999999999
 15 47 88129164184188178157134115107114133159181194189167130 86 43 10 -7231213TK 54618916161949999999999999911 21072322 -999999999999999
 -4 18 55 99140172188187173151129114111122144170190196184155114 70 29  1231214TK 6271891652196999999999999991142110999999999999999999999
-10 -1 26 66109148175185181165144125113115130153177192192174142100 58 23231215TK 711186173019499999999999999 0 3-10122411299999999999999
  0 -5  8 38 77118152173180173157138121114119135157177187182161129 91 54231216TK 757180181118799999999999999 047 -613 711499999999999999
 24  7  6 22 52 89125153169173165149132118113120136155170176169149120 87231217TK 845173185717699999999999999 132  4135411399999999999999
 56 32 20 23 40 67 99130153165166157143127115111117130145157161155139116231218TK 935167195516199999999999999 219 19145111199999999999999
 90 65 47 39 43 59 82109135153163162152137122110105108117129140145143133231219TK1023163211614599999999999999 3 9 3816 510599999999999999
117 97 79 65 59 63 76 96119140156162159148132116102 94 93 99110122132136231220TK111016223 213699999999999999 4 6 591738 9299999999999999
133123110 96 85 80 82 92108128146159163158145128108 90 77 73 78 91108124231221TK1156163999999999999999999999 516 801857 7399999999999999
134138134125115104 97 96104118136153163165158143121 97 73 57 51 59 77100231222TK 056138124316699999999999999 635 961954 5199999999999999
122138147147141130118109107113127144159168168159139112 82 54 36 33 45 69231223TK 235148133117099999999999999 7461062041 3299999999999999
 98125146159161154141126115113120134151166174172158133 99 64 35 19 20 38231224TK 344161141917499999999999999 8461132125 1799999999999999
 68102134157170171161145128117116125140158173179173154122 84 46 18  7 14231225TK 43417215 417999999999999999 93811522 6  799999999999999
 39 73111145169179176162143126116117128147166180183172145108 67 30  7  2231226TK 51417915451839999999999999910241152246  199999999999999
 16 46 85124157177182173156136120113118133154173185183165132 92 51 19  1231227TK 54918316221869999999999999911 51132325 -199999999999999
  3 23 58100139167181179165145126113111120139162180187178153116 76 38 12231228TK 6211821657187999999999999991142110999999999999999999999
  2 11 37 76117151173179171153133116108110125147169183183167137100 62 30231229TK 652179173018499999999999999 0 2  2121610799999999999999
 10  8 24 56 95133161174172159140121108104113131153172179173152120 85 52231230TK 72217518 317999999999999999 038  7124810499999999999999
 27 15 21 43 76113145165170162146127111102104117136156169170158135106 74231231TK 752170183617199999999999999 112 15132010299999999999999
